
obj/kern/kernel:     file format elf32-i386

Contents of .stab section:

Symnum n_type n_othr n_desc n_value  n_strx String

-1     HdrSym 0      1341   00001c80 1     
0      SO     0      0      f0100000 1      {standard input}
1      SOL    0      0      f010000c 18     kern/entry.S
2      SLINE  0      44     f010000c 0      
3      SLINE  0      57     f0100015 0      
4      SLINE  0      58     f010001a 0      
5      SLINE  0      60     f010001d 0      
6      SLINE  0      61     f0100020 0      
7      SLINE  0      62     f0100025 0      
8      SLINE  0      67     f0100028 0      
9      SLINE  0      68     f010002d 0      
10     SLINE  0      74     f010002f 0      
11     SLINE  0      77     f0100034 0      
12     SLINE  0      80     f0100039 0      
13     SLINE  0      83     f010003e 0      
14     SO     0      2      f0100040 31     /home/sunus/myProjects/6828/jos/
15     SO     0      2      f0100040 64     kern/entrypgdir.c
16     OPT    0      0      00000000 82     gcc2_compiled.
17     LSYM   0      0      00000000 97     int:t(0,1)=r(0,1);-2147483648;2147483647;
18     LSYM   0      0      00000000 139    char:t(0,2)=r(0,2);0;127;
19     LSYM   0      0      00000000 165    long int:t(0,3)=r(0,3);-2147483648;2147483647;
20     LSYM   0      0      00000000 212    unsigned int:t(0,4)=r(0,4);0;037777777777;
21     LSYM   0      0      00000000 255    long unsigned int:t(0,5)=r(0,5);0;037777777777;
22     LSYM   0      0      00000000 303    long long int:t(0,6)=@s64;r(0,6);01000000000000000000000;0777777777777777777777;
23     LSYM   0      0      00000000 384    long long unsigned int:t(0,7)=@s64;r(0,7);0;01777777777777777777777;
24     LSYM   0      0      00000000 453    short int:t(0,8)=@s16;r(0,8);-32768;32767;
25     LSYM   0      0      00000000 496    short unsigned int:t(0,9)=@s16;r(0,9);0;65535;
26     LSYM   0      0      00000000 543    signed char:t(0,10)=@s8;r(0,10);-128;127;
27     LSYM   0      0      00000000 585    unsigned char:t(0,11)=@s8;r(0,11);0;255;
28     LSYM   0      0      00000000 626    float:t(0,12)=r(0,1);4;0;
29     LSYM   0      0      00000000 652    double:t(0,13)=r(0,1);8;0;
30     LSYM   0      0      00000000 679    long double:t(0,14)=r(0,1);12;0;
31     LSYM   0      0      00000000 712    _Decimal32:t(0,15)=r(0,1);4;0;
32     LSYM   0      0      00000000 743    _Decimal64:t(0,16)=r(0,1);8;0;
33     LSYM   0      0      00000000 774    _Decimal128:t(0,17)=r(0,1);16;0;
34     LSYM   0      0      00000000 807    void:t(0,18)=(0,18)
35     BINCL  0      0      000159c2 827    ./inc/mmu.h
36     BINCL  0      0      00005d17 839    ./inc/types.h
37     LSYM   0      9      00000000 853    bool:t(2,1)=(2,2)=@s8;-16;
38     LSYM   0      0      00000000 880     :T(2,3)=efalse:0,true:1,;
39     LSYM   0      13     00000000 907    int8_t:t(2,4)=(0,10)
40     LSYM   0      14     00000000 928    uint8_t:t(2,5)=(0,11)
41     LSYM   0      15     00000000 950    int16_t:t(2,6)=(0,8)
42     LSYM   0      16     00000000 971    uint16_t:t(2,7)=(0,9)
43     LSYM   0      17     00000000 993    int32_t:t(2,8)=(0,1)
44     LSYM   0      18     00000000 1014   uint32_t:t(2,9)=(0,4)
45     LSYM   0      19     00000000 1036   int64_t:t(2,10)=(0,6)
46     LSYM   0      20     00000000 1058   uint64_t:t(2,11)=(0,7)
47     LSYM   0      26     00000000 1081   intptr_t:t(2,12)=(2,8)
48     LSYM   0      27     00000000 1104   uintptr_t:t(2,13)=(2,9)
49     LSYM   0      28     00000000 1128   physaddr_t:t(2,14)=(2,9)
50     LSYM   0      31     00000000 1153   ppn_t:t(2,15)=(2,9)
51     LSYM   0      34     00000000 1173   size_t:t(2,16)=(2,9)
52     LSYM   0      37     00000000 1194   ssize_t:t(2,17)=(2,8)
53     LSYM   0      40     00000000 1216   off_t:t(2,18)=(2,8)
54     EINCL  0      0      00000000 0      
55     LSYM   0      0      00000000 1236   Segdesc:T(1,1)=s8sd_lim_15_0:(0,4),0,16;sd_base_15_0:(0,4),16,16;sd_base_23_16:(0,4),32,8;sd_type:(0,4),40,4;sd_s:(0,4),44,1;sd_dpl:(0,4),45,2;sd_p:(0,4),47,1;sd_lim_19_16:(0,4),48,4;sd_avl:(0,4),52,1;sd_rsv1:(0,4),53,1;sd_db:(0,4),54,1;sd_g:(0,4),55,1;sd_base_31_24:(0,4),56,8;;
56     LSYM   0      0      00000000 1516   Taskstate:T(1,2)=s104ts_link:(2,9),0,32;ts_esp0:(2,13),32,32;ts_ss0:(2,7),64,16;ts_padding1:(2,7),80,16;ts_esp1:(2,13),96,32;ts_ss1:(2,7),128,16;ts_padding2:(2,7),144,16;ts_esp2:(2,13),160,32;ts_ss2:(2,7),192,16;ts_padding3:(2,7),208,16;ts_cr3:(2,14),224,32;ts_eip:(2,13),256,32;ts_eflags:(2,9),288,32;ts_eax:(2,9),320,32;ts_ecx:(2,9),352,32;ts_edx:(2,9),384,32;ts_ebx:(2,9),416,32;ts_esp:(2,13),448,32;ts_ebp:(2,13),480,32;ts_esi:(2,9),512,32;ts_edi:(2,9),544,32;ts_es:(2,7),576,16;ts_padding4:(2,7),592,16;ts_cs:(2,7),608,16;ts_padding5:(2,7),624,16;ts_ss:(2,7),640,16;ts_padding6:(2,7),656,16;ts_ds:(2,7),672,16;ts_padding7:(2,7),688,16;ts_fs:(2,7),704,16;ts_padding8:(2,7),720,16;ts_gs:(2,7),736,16;ts_padding9:(2,7),752,16;ts_ldt:(2,7),768,16;ts_padding10:(2,7),784,16;ts_t:(2,7),800,16;ts_iomb:(2,7),816,16;;
57     LSYM   0      0      00000000 2331   Gatedesc:T(1,3)=s8gd_off_15_0:(0,4),0,16;gd_sel:(0,4),16,16;gd_args:(0,4),32,5;gd_rsv1:(0,4),37,3;gd_type:(0,4),40,4;gd_s:(0,4),44,1;gd_dpl:(0,4),45,2;gd_p:(0,4),47,1;gd_off_31_16:(0,4),48,16;;
58     LSYM   0      0      00000000 2525   Pseudodesc:T(1,4)=s6pd_lim:(2,7),0,16;pd_base:(2,9),16,32;;
59     EINCL  0      0      00000000 0      
60     BINCL  0      0      000008c7 2585   ./inc/memlayout.h
61     LSYM   0      144    00000000 2603   pte_t:t(3,1)=(2,9)
62     LSYM   0      145    00000000 2622   pde_t:t(3,2)=(2,9)
63     EINCL  0      0      00000000 0      
64     GSYM   0      33     00000000 2641   entry_pgtable:G(0,19)=ar(0,20)=r(0,20);0;037777777777;;0;1023;(3,1)
65     GSYM   0      21     00000000 2709   entry_pgdir:G(0,21)=ar(0,20);0;1023;(3,2)
66     SO     0      0      f0100040 0      
67     SO     0      2      f0100040 31     /home/sunus/myProjects/6828/jos/
68     SO     0      2      f0100040 2751   kern/init.c
69     OPT    0      0      00000000 82     gcc2_compiled.
70     LSYM   0      0      00000000 97     int:t(0,1)=r(0,1);-2147483648;2147483647;
71     LSYM   0      0      00000000 139    char:t(0,2)=r(0,2);0;127;
72     LSYM   0      0      00000000 165    long int:t(0,3)=r(0,3);-2147483648;2147483647;
73     LSYM   0      0      00000000 212    unsigned int:t(0,4)=r(0,4);0;037777777777;
74     LSYM   0      0      00000000 255    long unsigned int:t(0,5)=r(0,5);0;037777777777;
75     LSYM   0      0      00000000 303    long long int:t(0,6)=@s64;r(0,6);01000000000000000000000;0777777777777777777777;
76     LSYM   0      0      00000000 384    long long unsigned int:t(0,7)=@s64;r(0,7);0;01777777777777777777777;
77     LSYM   0      0      00000000 453    short int:t(0,8)=@s16;r(0,8);-32768;32767;
78     LSYM   0      0      00000000 496    short unsigned int:t(0,9)=@s16;r(0,9);0;65535;
79     LSYM   0      0      00000000 543    signed char:t(0,10)=@s8;r(0,10);-128;127;
80     LSYM   0      0      00000000 585    unsigned char:t(0,11)=@s8;r(0,11);0;255;
81     LSYM   0      0      00000000 626    float:t(0,12)=r(0,1);4;0;
82     LSYM   0      0      00000000 652    double:t(0,13)=r(0,1);8;0;
83     LSYM   0      0      00000000 679    long double:t(0,14)=r(0,1);12;0;
84     LSYM   0      0      00000000 712    _Decimal32:t(0,15)=r(0,1);4;0;
85     LSYM   0      0      00000000 743    _Decimal64:t(0,16)=r(0,1);8;0;
86     LSYM   0      0      00000000 774    _Decimal128:t(0,17)=r(0,1);16;0;
87     LSYM   0      0      00000000 807    void:t(0,18)=(0,18)
88     BINCL  0      0      00000000 2763   ./inc/stdio.h
89     BINCL  0      0      00000650 2777   ./inc/stdarg.h
90     LSYM   0      6      00000000 2792   va_list:t(2,1)=(2,2)=*(0,2)
91     EINCL  0      0      00000000 0      
92     EINCL  0      0      00000000 0      
93     BINCL  0      0      00000000 2820   ./inc/string.h
94     EXCL   0      0      00005d17 839    ./inc/types.h
95     EINCL  0      0      00000000 0      
96     FUN    0      12     f0100040 2835   test_backtrace:F(0,18)
97     PSYM   0      12     00000008 2858   x:p(0,1)
98     BNSYM  0      0      f0100040 0      
99     SLINE  0      13     00000000 0      
100    SLINE  0      14     0000000a 0      
101    SLINE  0      15     0000001a 0      
102    SLINE  0      16     0000001e 0      
103    SLINE  0      18     0000002b 0      
104    SLINE  0      19     00000047 0      
105    SLINE  0      20     00000057 0      
106    RSYM   0      12     00000003 2867   x:r(0,1)
107    FUN    0      0      0000005d 0      
108    ENSYM  0      0      f010009d 0      
109    FUN    0      23     f010009d 2876   i386_init:F(0,18)
110    BNSYM  0      0      f010009d 0      
111    SLINE  0      24     00000000 0      
112    SLINE  0      30     00000006 0      
113    SLINE  0      34     00000028 0      
114    SLINE  0      36     0000002d 0      
115    SLINE  0      39     00000041 0      
116    SLINE  0      43     0000004d 0      
117    FUN    0      0      0000005b 0      
118    ENSYM  0      0      f01000f8 0      
119    FUN    0      58     f01000f8 2894   _panic:F(0,18)
120    PSYM   0      58     00000008 2909   file:p(0,19)=*(0,20)=k(0,2)
121    PSYM   0      58     0000000c 2937   line:p(0,1)
122    PSYM   0      58     00000010 2949   fmt:p(0,19)
123    BNSYM  0      0      f01000f8 0      
124    SLINE  0      59     00000000 0      
125    SLINE  0      62     0000000b 0      
126    SLINE  0      64     00000014 0      
127    SLINE  0      67     0000001a 0      
128    SLINE  0      69     0000001c 0      
129    SLINE  0      70     0000001f 0      
130    SLINE  0      71     00000039 0      
131    SLINE  0      72     00000045 0      
132    SLINE  0      78     00000051 0      
133    RSYM   0      58     00000000 2961   file:r(0,19)
134    RSYM   0      58     00000000 2974   line:r(0,1)
135    RSYM   0      58     00000006 2986   fmt:r(0,19)
136    FUN    0      0      0000005f 0      
137    ENSYM  0      0      f0100157 0      
138    FUN    0      83     f0100157 2998   _warn:F(0,18)
139    PSYM   0      83     00000008 3012   file:p(0,19)
140    PSYM   0      83     0000000c 2937   line:p(0,1)
141    PSYM   0      83     00000010 2949   fmt:p(0,19)
142    BNSYM  0      0      f0100157 0      
143    SLINE  0      84     00000000 0      
144    SLINE  0      87     00000007 0      
145    SLINE  0      88     0000000a 0      
146    SLINE  0      89     00000024 0      
147    SLINE  0      90     00000033 0      
148    SLINE  0      92     0000003f 0      
149    RSYM   0      83     00000000 2961   file:r(0,19)
150    RSYM   0      83     00000000 2974   line:r(0,1)
151    RSYM   0      83     00000000 2986   fmt:r(0,19)
152    FUN    0      0      00000045 0      
153    ENSYM  0      0      f010019c 0      
154    GSYM   0      51     00000000 3025   panicstr:G(0,19)
155    SO     0      0      f010019c 0      
156    SO     0      2      f01001a0 31     /home/sunus/myProjects/6828/jos/
157    SO     0      2      f01001a0 3042   kern/console.c
158    OPT    0      0      00000000 82     gcc2_compiled.
159    LSYM   0      0      00000000 97     int:t(0,1)=r(0,1);-2147483648;2147483647;
160    LSYM   0      0      00000000 139    char:t(0,2)=r(0,2);0;127;
161    LSYM   0      0      00000000 165    long int:t(0,3)=r(0,3);-2147483648;2147483647;
162    LSYM   0      0      00000000 212    unsigned int:t(0,4)=r(0,4);0;037777777777;
163    LSYM   0      0      00000000 255    long unsigned int:t(0,5)=r(0,5);0;037777777777;
164    LSYM   0      0      00000000 303    long long int:t(0,6)=@s64;r(0,6);01000000000000000000000;0777777777777777777777;
165    LSYM   0      0      00000000 384    long long unsigned int:t(0,7)=@s64;r(0,7);0;01777777777777777777777;
166    LSYM   0      0      00000000 453    short int:t(0,8)=@s16;r(0,8);-32768;32767;
167    LSYM   0      0      00000000 496    short unsigned int:t(0,9)=@s16;r(0,9);0;65535;
168    LSYM   0      0      00000000 543    signed char:t(0,10)=@s8;r(0,10);-128;127;
169    LSYM   0      0      00000000 585    unsigned char:t(0,11)=@s8;r(0,11);0;255;
170    LSYM   0      0      00000000 626    float:t(0,12)=r(0,1);4;0;
171    LSYM   0      0      00000000 652    double:t(0,13)=r(0,1);8;0;
172    LSYM   0      0      00000000 679    long double:t(0,14)=r(0,1);12;0;
173    LSYM   0      0      00000000 712    _Decimal32:t(0,15)=r(0,1);4;0;
174    LSYM   0      0      00000000 743    _Decimal64:t(0,16)=r(0,1);8;0;
175    LSYM   0      0      00000000 774    _Decimal128:t(0,17)=r(0,1);16;0;
176    LSYM   0      0      00000000 807    void:t(0,18)=(0,18)
177    BINCL  0      0      00000000 3057   ./inc/x86.h
178    EXCL   0      0      00005d17 839    ./inc/types.h
179    EINCL  0      0      00000000 0      
180    EXCL   0      0      000008c7 2585   ./inc/memlayout.h
181    EXCL   0      0      000159c2 827    ./inc/mmu.h
182    BINCL  0      0      00000000 3069   ./inc/assert.h
183    EXCL   0      0      00000000 2763   ./inc/stdio.h
184    EXCL   0      0      00000650 2777   ./inc/stdarg.h
185    EINCL  0      0      00000000 0      
186    FUN    0      51     f01001a0 3084   serial_proc_data:f(0,1)
187    BNSYM  0      0      f01001a0 0      
188    SLINE  0      52     00000000 0      
189    SOL    0      0      f01001a3 3057   ./inc/x86.h
190    SLINE  0      48     00000003 0      
191    SOL    0      0      f01001a9 3042   kern/console.c
192    SLINE  0      53     00000009 0      
193    SOL    0      0      f01001ad 3057   ./inc/x86.h
194    SLINE  0      48     0000000d 0      
195    SOL    0      0      f01001b0 3042   kern/console.c
196    SLINE  0      55     00000010 0      
197    SLINE  0      54     00000015 0      
198    SLINE  0      56     0000001a 0      
199    FUN    0      0      0000001c 0      
200    ENSYM  0      0      f01001bc 0      
201    FUN    0      392    f01001bc 3108   cons_intr:f(0,18)
202    RSYM   0      392    00000003 3126   proc:P(0,19)=*(0,20)=f(0,1)
203    BNSYM  0      0      f01001bc 0      
204    SLINE  0      393    00000000 0      
205    SLINE  0      396    00000009 0      
206    SLINE  0      397    0000000b 0      
207    SLINE  0      399    0000000f 0      
208    SLINE  0      400    00000023 0      
209    SLINE  0      401    0000002b 0      
210    SLINE  0      396    00000035 0      
211    SLINE  0      403    0000003e 0      
212    RSYM   0      394    00000002 3154   c:r(0,1)
213    LBRAC  0      0      00000000 0      
214    RBRAC  0      0      00000044 0      
215    FUN    0      0      00000044 0      
216    ENSYM  0      0      f0100200 0      
217    FUN    0      316    f0100200 3163   kbd_proc_data:f(0,1)
218    BNSYM  0      0      f0100200 0      
219    SLINE  0      317    00000000 0      
220    SOL    0      0      f0100200 3057   ./inc/x86.h
221    SLINE  0      48     00000000 0      
222    SOL    0      0      f0100206 3042   kern/console.c
223    SLINE  0      322    00000006 0      
224    SOL    0      0      f010020e 3057   ./inc/x86.h
225    SLINE  0      48     0000000e 0      
226    SOL    0      0      f0100213 3042   kern/console.c
227    SLINE  0      327    00000013 0      
228    SLINE  0      329    00000017 0      
229    SLINE  0      330    0000001e 0      
230    SLINE  0      361    00000023 0      
231    SLINE  0      317    00000024 0      
232    SLINE  0      331    0000002b 0      
233    SLINE  0      333    0000002f 0      
234    SLINE  0      334    00000042 0      
235    SLINE  0      335    0000005c 0      
236    SLINE  0      336    00000066 0      
237    SLINE  0      338    00000071 0      
238    SLINE  0      339    00000076 0      
239    SLINE  0      342    0000007f 0      
240    SLINE  0      343    0000008f 0      
241    SLINE  0      345    0000009d 0      
242    SLINE  0      346    000000b0 0      
243    SLINE  0      347    000000b4 0      
244    SLINE  0      348    000000be 0      
245    SLINE  0      349    000000c3 0      
246    SLINE  0      350    000000c6 0      
247    SLINE  0      355    000000cf 0      
248    SLINE  0      360    000000d3 0      
249    SLINE  0      355    000000d5 0      
250    SLINE  0      355    000000da 0      
251    SLINE  0      356    000000e2 0      
252    SOL    0      0      f01002ee 3057   ./inc/x86.h
253    SLINE  0      98     000000ee 0      
254    SOL    0      0      f01002f9 3042   kern/console.c
255    SLINE  0      360    000000f9 0      
256    SLINE  0      323    000000fd 0      
257    SLINE  0      361    00000103 0      
258    RSYM   0      318    00000003 3154   c:r(0,1)
259    RSYM   0      319    00000002 3184   data:r(2,5)
260    LCSYM  0      320    f0112300 3196   shift:V(2,9)
261    LBRAC  0      0      00000000 0      
262    RBRAC  0      0      00000109 0      
263    FUN    0      0      00000109 0      
264    ENSYM  0      0      f0100309 0      
265    FUN    0      429    f0100309 3209   cons_putc:f(0,18)
266    RSYM   0      429    00000007 3227   c:P(0,1)
267    BNSYM  0      0      f0100309 0      
268    SLINE  0      430    00000000 0      
269    SOL    0      0      f0100314 3057   ./inc/x86.h
270    SLINE  0      48     0000000b 0      
271    SOL    0      0      f010031a 3042   kern/console.c
272    SLINE  0      70     00000011 0      
273    SOL    0      0      f0100323 3057   ./inc/x86.h
274    SLINE  0      48     0000001a 0      
275    SOL    0      0      f010033c 3042   kern/console.c
276    SLINE  0      70     00000033 0      
277    SLINE  0      71     00000037 0      
278    SLINE  0      75     0000003c 0      
279    SOL    0      0      f010034d 3057   ./inc/x86.h
280    SLINE  0      98     00000044 0      
281    SLINE  0      48     0000004a 0      
282    SOL    0      0      f0100356 3042   kern/console.c
283    SLINE  0      116    0000004d 0      
284    SOL    0      0      f010035f 3057   ./inc/x86.h
285    SLINE  0      48     00000056 0      
286    SOL    0      0      f0100378 3042   kern/console.c
287    SLINE  0      116    0000006f 0      
288    SOL    0      0      f0100381 3057   ./inc/x86.h
289    SLINE  0      98     00000078 0      
290    SOL    0      0      f0100399 3042   kern/console.c
291    SLINE  0      166    00000090 0      
292    SLINE  0      167    00000098 0      
293    SLINE  0      169    000000a2 0      
294    SLINE  0      171    000000ce 0      
295    SLINE  0      172    000000de 0      
296    SLINE  0      173    000000e7 0      
297    SLINE  0      177    000000fe 0      
298    SLINE  0      180    00000106 0      
299    SLINE  0      183    00000124 0      
300    SLINE  0      184    0000012e 0      
301    SLINE  0      185    00000138 0      
302    SLINE  0      186    00000142 0      
303    SLINE  0      187    0000014c 0      
304    SLINE  0      190    00000158 0      
305    SLINE  0      195    00000176 0      
306    SLINE  0      198    00000181 0      
307    SLINE  0      200    000001a0 0      
308    SLINE  0      199    000001a6 0      
309    SLINE  0      200    000001ab 0      
310    SLINE  0      199    000001b1 0      
311    SLINE  0      201    000001bb 0      
312    SLINE  0      205    000001c3 0      
313    SOL    0      0      f01004d2 3057   ./inc/x86.h
314    SLINE  0      98     000001c9 0      
315    SOL    0      0      f01004da 3042   kern/console.c
316    SLINE  0      206    000001d1 0      
317    SOL    0      0      f01004ea 3057   ./inc/x86.h
318    SLINE  0      98     000001e1 0      
319    SOL    0      0      f01004fa 3042   kern/console.c
320    SLINE  0      434    000001f1 0      
321    RSYM   0      196    00000000 3236   i:r(0,1)
322    LBRAC  0      0      00000181 0      
323    RBRAC  0      0      000001c3 0      
324    FUN    0      0      000001f9 0      
325    ENSYM  0      0      f0100502 0      
326    FUN    0      59     f0100502 3245   serial_intr:F(0,18)
327    BNSYM  0      0      f0100502 0      
328    SLINE  0      60     00000000 0      
329    SLINE  0      61     00000000 0      
330    SLINE  0      60     00000009 0      
331    SLINE  0      62     0000000f 0      
332    SLINE  0      63     00000019 0      
333    FUN    0      0      0000001c 0      
334    ENSYM  0      0      f010051e 0      
335    FUN    0      364    f010051e 3265   kbd_intr:F(0,18)
336    BNSYM  0      0      f010051e 0      
337    SLINE  0      365    00000000 0      
338    SLINE  0      366    00000006 0      
339    SLINE  0      367    00000010 0      
340    FUN    0      0      00000012 0      
341    ENSYM  0      0      f0100530 0      
342    FUN    0      407    f0100530 3282   cons_getc:F(0,1)
343    BNSYM  0      0      f0100530 0      
344    SLINE  0      408    00000000 0      
345    SLINE  0      414    00000006 0      
346    SLINE  0      415    0000000b 0      
347    SLINE  0      418    00000010 0      
348    SLINE  0      419    0000001d 0      
349    SLINE  0      422    0000002d 0      
350    SLINE  0      420    0000002f 0      
351    SLINE  0      421    00000037 0      
352    SLINE  0      424    00000043 0      
353    SLINE  0      425    00000048 0      
354    RSYM   0      409    00000001 3154   c:r(0,1)
355    LBRAC  0      0      00000000 0      
356    RBRAC  0      0      0000004a 0      
357    FUN    0      0      0000004a 0      
358    ENSYM  0      0      f010057a 0      
359    FUN    0      438    f010057a 3299   cons_init:F(0,18)
360    BNSYM  0      0      f010057a 0      
361    SLINE  0      439    00000000 0      
362    SLINE  0      140    00000009 0      
363    SLINE  0      141    00000010 0      
364    SLINE  0      142    00000019 0      
365    SLINE  0      144    00000026 0      
366    SLINE  0      143    00000030 0      
367    SLINE  0      146    00000037 0      
368    SLINE  0      147    0000003e 0      
369    SLINE  0      139    00000048 0      
370    SLINE  0      151    0000004d 0      
371    SOL    0      0      f01005cd 3057   ./inc/x86.h
372    SLINE  0      98     00000053 0      
373    SOL    0      0      f01005d5 3042   kern/console.c
374    SLINE  0      152    0000005b 0      
375    SOL    0      0      f01005d8 3057   ./inc/x86.h
376    SLINE  0      48     0000005e 0      
377    SOL    0      0      f01005db 3042   kern/console.c
378    SLINE  0      152    00000061 0      
379    SOL    0      0      f01005e1 3057   ./inc/x86.h
380    SLINE  0      98     00000067 0      
381    SLINE  0      48     0000006f 0      
382    SOL    0      0      f01005ec 3042   kern/console.c
383    SLINE  0      156    00000072 0      
384    SLINE  0      154    00000078 0      
385    SLINE  0      157    0000007d 0      
386    SOL    0      0      f01005fe 3057   ./inc/x86.h
387    SLINE  0      98     00000084 0      
388    SLINE  0      48     000000bf 0      
389    SOL    0      0      f010063c 3042   kern/console.c
390    SLINE  0      99     000000c2 0      
391    SOL    0      0      f0100647 3057   ./inc/x86.h
392    SLINE  0      48     000000cd 0      
393    SOL    0      0      f010064d 3042   kern/console.c
394    SLINE  0      444    000000d3 0      
395    SLINE  0      445    000000d7 0      
396    SLINE  0      446    000000e3 0      
397    RSYM   0      135    00000007 3317   cp:r(0,21)=*(0,22)=B(2,7)
398    RSYM   0      136    00000002 3343   was:r(2,7)
399    LBRAC  0      0      00000009 0      
400    RBRAC  0      0      00000084 0      
401    FUN    0      0      000000eb 0      
402    ENSYM  0      0      f0100665 0      
403    FUN    0      452    f0100665 3354   cputchar:F(0,18)
404    PSYM   0      452    00000008 3371   c:p(0,1)
405    BNSYM  0      0      f0100665 0      
406    SLINE  0      453    00000000 0      
407    SLINE  0      454    00000006 0      
408    SLINE  0      455    0000000e 0      
409    FUN    0      0      00000010 0      
410    ENSYM  0      0      f0100675 0      
411    FUN    0      458    f0100675 3380   getchar:F(0,1)
412    BNSYM  0      0      f0100675 0      
413    SLINE  0      459    00000000 0      
414    SLINE  0      462    00000006 0      
415    SLINE  0      465    0000000f 0      
416    RSYM   0      460    00000000 3154   c:r(0,1)
417    LBRAC  0      0      00000000 0      
418    RBRAC  0      0      00000011 0      
419    FUN    0      0      00000011 0      
420    ENSYM  0      0      f0100686 0      
421    FUN    0      468    f0100686 3395   iscons:F(0,1)
422    PSYM   0      468    00000008 3409   fdnum:p(0,1)
423    BNSYM  0      0      f0100686 0      
424    SLINE  0      469    00000000 0      
425    SLINE  0      472    00000003 0      
426    FUN    0      0      0000000a 0      
427    ENSYM  0      0      f0100690 0      
428    LCSYM  0      48     f0112534 3422   serial_exists:S(2,1)
429    LCSYM  0      128    f0112530 3443   addr_6845:S(0,4)
430    LCSYM  0      129    f011252c 3460   crt_buf:S(0,23)=*(2,7)
431    LCSYM  0      130    f0112528 3483   crt_pos:S(2,7)
432    STSYM  0      226    f0101d40 3498   shiftcode:S(0,24)=ar(0,25)=r(0,25);0;037777777777;;0;255;(2,5)
433    STSYM  0      236    f0101c40 3561   togglecode:S(0,24)
434    STSYM  0      243    f0112200 3580   normalmap:S(0,24)
435    STSYM  0      264    f0112100 3598   shiftmap:S(0,24)
436    STSYM  0      287    f0112000 3615   ctlmap:S(0,24)
437    STSYM  0      304    f0101c20 3630   charcode:S(0,26)=ar(0,25);0;3;(0,27)=*(2,5)
438    LCSYM  0      387    f0112320 3674   cons:S(0,28)=s520buf:(0,29)=ar(0,25);0;511;(2,5),0,4096;rpos:(2,9),4096,32;wpos:(2,9),4128,32;;
439    SO     0      0      f0100690 0      
440    SO     0      2      f0100690 31     /home/sunus/myProjects/6828/jos/
441    SO     0      2      f0100690 3770   kern/monitor.c
442    OPT    0      0      00000000 82     gcc2_compiled.
443    LSYM   0      0      00000000 97     int:t(0,1)=r(0,1);-2147483648;2147483647;
444    LSYM   0      0      00000000 139    char:t(0,2)=r(0,2);0;127;
445    LSYM   0      0      00000000 165    long int:t(0,3)=r(0,3);-2147483648;2147483647;
446    LSYM   0      0      00000000 212    unsigned int:t(0,4)=r(0,4);0;037777777777;
447    LSYM   0      0      00000000 255    long unsigned int:t(0,5)=r(0,5);0;037777777777;
448    LSYM   0      0      00000000 303    long long int:t(0,6)=@s64;r(0,6);01000000000000000000000;0777777777777777777777;
449    LSYM   0      0      00000000 384    long long unsigned int:t(0,7)=@s64;r(0,7);0;01777777777777777777777;
450    LSYM   0      0      00000000 453    short int:t(0,8)=@s16;r(0,8);-32768;32767;
451    LSYM   0      0      00000000 496    short unsigned int:t(0,9)=@s16;r(0,9);0;65535;
452    LSYM   0      0      00000000 543    signed char:t(0,10)=@s8;r(0,10);-128;127;
453    LSYM   0      0      00000000 585    unsigned char:t(0,11)=@s8;r(0,11);0;255;
454    LSYM   0      0      00000000 626    float:t(0,12)=r(0,1);4;0;
455    LSYM   0      0      00000000 652    double:t(0,13)=r(0,1);8;0;
456    LSYM   0      0      00000000 679    long double:t(0,14)=r(0,1);12;0;
457    LSYM   0      0      00000000 712    _Decimal32:t(0,15)=r(0,1);4;0;
458    LSYM   0      0      00000000 743    _Decimal64:t(0,16)=r(0,1);8;0;
459    LSYM   0      0      00000000 774    _Decimal128:t(0,17)=r(0,1);16;0;
460    LSYM   0      0      00000000 807    void:t(0,18)=(0,18)
461    EXCL   0      0      00000000 2763   ./inc/stdio.h
462    EXCL   0      0      00000650 2777   ./inc/stdarg.h
463    EXCL   0      0      00000000 2820   ./inc/string.h
464    EXCL   0      0      00005d17 839    ./inc/types.h
465    EXCL   0      0      000008c7 2585   ./inc/memlayout.h
466    EXCL   0      0      000159c2 827    ./inc/mmu.h
467    BINCL  0      0      00003167 3785   ./kern/kdebug.h
468    LSYM   0      0      00000000 3801   Eipdebuginfo:T(7,1)=s24eip_file:(7,2)=*(7,3)=k(0,2),0,32;eip_line:(0,1),32,32;eip_fn_name:(7,2),64,32;eip_fn_namelen:(0,1),96,32;eip_fn_addr:(4,13),128,32;eip_fn_narg:(0,1),160,32;;
469    EINCL  0      0      00000000 0      
470    LSYM   0      0      00000000 3983   Command:T(0,19)=s12name:(7,2),0,32;desc:(7,2),32,32;func:(0,20)=*(0,21)=f(0,1),64,32;;
471    FUN    0      34     f0100690 4070   mon_help:F(0,1)
472    PSYM   0      34     00000008 4086   argc:p(0,1)
473    PSYM   0      34     0000000c 4098   argv:p(0,22)=*(0,23)=*(0,2)
474    PSYM   0      34     00000010 4126   tf:p(0,24)=*(0,25)=xsTrapframe:
475    BNSYM  0      0      f0100690 0      
476    SLINE  0      35     00000000 0      
477    SLINE  0      39     00000006 0      
478    SLINE  0      41     0000005a 0      
479    FUN    0      0      00000061 0      
480    ENSYM  0      0      f01006f1 0      
481    FUN    0      44     f01006f1 4158   mon_kerninfo:F(0,1)
482    PSYM   0      44     00000008 4086   argc:p(0,1)
483    PSYM   0      44     0000000c 4178   argv:p(0,22)
484    PSYM   0      44     00000010 4191   tf:p(0,24)
485    BNSYM  0      0      f01006f1 0      
486    SLINE  0      45     00000000 0      
487    SLINE  0      48     00000006 0      
488    SLINE  0      49     00000012 0      
489    SLINE  0      50     00000026 0      
490    SLINE  0      51     00000042 0      
491    SLINE  0      52     0000005e 0      
492    SLINE  0      53     0000007a 0      
493    SLINE  0      55     00000096 0      
494    SLINE  0      54     000000a5 0      
495    SLINE  0      57     000000c3 0      
496    RSYM   0      55     00000000 4202   __a:r(4,9)
497    LBRAC  0      0      00000096 0      
498    RBRAC  0      0      000000a5 0      
499    FUN    0      0      000000ca 0      
500    ENSYM  0      0      f01007bb 0      
501    FUN    0      60     f01007bb 4213   mon_backtrace:F(0,1)
502    PSYM   0      60     00000008 4086   argc:p(0,1)
503    PSYM   0      60     0000000c 4178   argv:p(0,22)
504    PSYM   0      60     00000010 4191   tf:p(0,24)
505    BNSYM  0      0      f01007bb 0      
506    SLINE  0      61     00000000 0      
507    SOL    0      0      f01007c4 3057   ./inc/x86.h
508    SLINE  0      246    00000009 0      
509    SOL    0      0      f01007c6 3770   kern/monitor.c
510    SLINE  0      66     0000000b 0      
511    SLINE  0      67     0000000e 0      
512    SLINE  0      68     0000001c 0      
513    SLINE  0      69     0000001f 0      
514    SLINE  0      70     0000005f 0      
515    SLINE  0      71     00000071 0      
516    SLINE  0      72     00000099 0      
517    SLINE  0      67     0000009e 0      
518    SLINE  0      75     000000ac 0      
519    LSYM   0      63     fffffff4 4234   ebp:(0,26)=B(4,9)
520    LSYM   0      65     ffffffdc 4252   info:(7,1)
521    LBRAC  0      0      00000000 0      
522    RBRAC  0      0      000000b9 0      
523    FUN    0      0      000000b9 0      
524    ENSYM  0      0      f0100874 0      
525    FUN    0      124    f0100874 4263   monitor:F(0,18)
526    PSYM   0      124    00000008 4191   tf:p(0,24)
527    BNSYM  0      0      f0100874 0      
528    SLINE  0      125    00000000 0      
529    SLINE  0      127    00000009 0      
530    SLINE  0      128    00000010 0      
531    SLINE  0      129    0000002b 0      
532    SLINE  0      131    00000037 0      
533    SLINE  0      132    00000043 0      
534    SLINE  0      136    0000004f 0      
535    SLINE  0      137    0000005d 0      
536    SLINE  0      93     00000061 0      
537    SLINE  0      92     00000068 0      
538    SLINE  0      97     0000006f 0      
539    SLINE  0      96     00000079 0      
540    SLINE  0      98     00000097 0      
541    SLINE  0      102    0000009c 0      
542    SLINE  0      103    000000a1 0      
543    SLINE  0      106    000000b7 0      
544    SLINE  0      107    000000be 0      
545    SLINE  0      108    000000c7 0      
546    SLINE  0      107    000000ca 0      
547    SLINE  0      110    000000ea 0      
548    SLINE  0      113    000000f2 0      
549    SLINE  0      116    00000102 0      
550    SLINE  0      117    0000011c 0      
551    SLINE  0      138    00000137 0      
552    SLINE  0      115    00000140 0      
553    SLINE  0      119    00000148 0      
554    SLINE  0      141    00000160 0      
555    LSYM   0      127    fffffff4 4279   i:(0,4)
556    LBRAC  0      0      00000000 0      
557    LSYM   0      88     ffffffb4 4287   argv:(0,27)=ar(0,28)=r(0,28);0;037777777777;;0;15;(0,23)
558    RSYM   0      89     00000003 3236   i:r(0,1)
559    LBRAC  0      0      00000061 0      
560    RBRAC  0      0      00000137 0      
561    LSYM   0      88     ffffffb4 4344   argv:(0,27)
562    RSYM   0      89     00000003 3236   i:r(0,1)
563    LBRAC  0      0      00000140 0      
564    RBRAC  0      0      00000160 0      
565    RBRAC  0      0      00000168 0      
566    FUN    0      0      00000168 0      
567    ENSYM  0      0      f01009dc 0      
568    STSYM  0      24     f01020a0 4356   commands:S(0,29)=ar(0,28);0;2;(0,19)
569    SO     0      0      f01009dc 0      
570    SO     0      2      f01009dc 31     /home/sunus/myProjects/6828/jos/
571    SO     0      2      f01009dc 4393   kern/printf.c
572    OPT    0      0      00000000 82     gcc2_compiled.
573    LSYM   0      0      00000000 97     int:t(0,1)=r(0,1);-2147483648;2147483647;
574    LSYM   0      0      00000000 139    char:t(0,2)=r(0,2);0;127;
575    LSYM   0      0      00000000 165    long int:t(0,3)=r(0,3);-2147483648;2147483647;
576    LSYM   0      0      00000000 212    unsigned int:t(0,4)=r(0,4);0;037777777777;
577    LSYM   0      0      00000000 255    long unsigned int:t(0,5)=r(0,5);0;037777777777;
578    LSYM   0      0      00000000 303    long long int:t(0,6)=@s64;r(0,6);01000000000000000000000;0777777777777777777777;
579    LSYM   0      0      00000000 384    long long unsigned int:t(0,7)=@s64;r(0,7);0;01777777777777777777777;
580    LSYM   0      0      00000000 453    short int:t(0,8)=@s16;r(0,8);-32768;32767;
581    LSYM   0      0      00000000 496    short unsigned int:t(0,9)=@s16;r(0,9);0;65535;
582    LSYM   0      0      00000000 543    signed char:t(0,10)=@s8;r(0,10);-128;127;
583    LSYM   0      0      00000000 585    unsigned char:t(0,11)=@s8;r(0,11);0;255;
584    LSYM   0      0      00000000 626    float:t(0,12)=r(0,1);4;0;
585    LSYM   0      0      00000000 652    double:t(0,13)=r(0,1);8;0;
586    LSYM   0      0      00000000 679    long double:t(0,14)=r(0,1);12;0;
587    LSYM   0      0      00000000 712    _Decimal32:t(0,15)=r(0,1);4;0;
588    LSYM   0      0      00000000 743    _Decimal64:t(0,16)=r(0,1);8;0;
589    LSYM   0      0      00000000 774    _Decimal128:t(0,17)=r(0,1);16;0;
590    LSYM   0      0      00000000 807    void:t(0,18)=(0,18)
591    EXCL   0      0      00005d17 839    ./inc/types.h
592    EXCL   0      0      00000000 2763   ./inc/stdio.h
593    EXCL   0      0      00000650 2777   ./inc/stdarg.h
594    FUN    0      10     f01009dc 4407   putch:f(0,18)
595    PSYM   0      10     00000008 4421   ch:p(0,1)
596    PSYM   0      10     0000000c 4431   cnt:p(0,19)=*(0,1)
597    BNSYM  0      0      f01009dc 0      
598    SLINE  0      11     00000000 0      
599    SLINE  0      12     00000006 0      
600    SLINE  0      14     00000011 0      
601    RSYM   0      10     00000000 4450   ch:r(0,1)
602    FUN    0      0      00000013 0      
603    ENSYM  0      0      f01009ef 0      
604    FUN    0      17     f01009ef 4460   vcprintf:F(0,1)
605    PSYM   0      17     00000008 4476   fmt:p(0,20)=*(0,21)=k(0,2)
606    PSYM   0      17     0000000c 4503   ap:p(3,1)
607    BNSYM  0      0      f01009ef 0      
608    SLINE  0      18     00000000 0      
609    SLINE  0      19     00000006 0      
610    SLINE  0      21     0000000d 0      
611    SLINE  0      23     0000002e 0      
612    LSYM   0      19     fffffff4 4513   cnt:(0,1)
613    RSYM   0      17     00000000 4523   fmt:r(0,20)
614    RSYM   0      17     00000000 4535   ap:r(3,1)
615    LBRAC  0      0      00000000 0      
616    RBRAC  0      0      00000033 0      
617    FUN    0      0      00000033 0      
618    ENSYM  0      0      f0100a22 0      
619    FUN    0      26     f0100a22 4545   cprintf:F(0,1)
620    PSYM   0      26     00000008 4560   fmt:p(0,20)
621    BNSYM  0      0      f0100a22 0      
622    SLINE  0      27     00000000 0      
623    SLINE  0      31     00000006 0      
624    SLINE  0      32     00000009 0      
625    SLINE  0      36     00000018 0      
626    RSYM   0      29     00000000 4572   cnt:r(0,1)
627    RSYM   0      26     00000000 4523   fmt:r(0,20)
628    LBRAC  0      0      00000000 0      
629    RBRAC  0      0      0000001a 0      
630    FUN    0      0      0000001a 0      
631    ENSYM  0      0      f0100a3c 0      
632    SO     0      0      f0100a3c 0      
633    SO     0      2      f0100a40 31     /home/sunus/myProjects/6828/jos/
634    SO     0      2      f0100a40 4583   kern/kdebug.c
635    OPT    0      0      00000000 82     gcc2_compiled.
636    LSYM   0      0      00000000 97     int:t(0,1)=r(0,1);-2147483648;2147483647;
637    LSYM   0      0      00000000 139    char:t(0,2)=r(0,2);0;127;
638    LSYM   0      0      00000000 165    long int:t(0,3)=r(0,3);-2147483648;2147483647;
639    LSYM   0      0      00000000 212    unsigned int:t(0,4)=r(0,4);0;037777777777;
640    LSYM   0      0      00000000 255    long unsigned int:t(0,5)=r(0,5);0;037777777777;
641    LSYM   0      0      00000000 303    long long int:t(0,6)=@s64;r(0,6);01000000000000000000000;0777777777777777777777;
642    LSYM   0      0      00000000 384    long long unsigned int:t(0,7)=@s64;r(0,7);0;01777777777777777777777;
643    LSYM   0      0      00000000 453    short int:t(0,8)=@s16;r(0,8);-32768;32767;
644    LSYM   0      0      00000000 496    short unsigned int:t(0,9)=@s16;r(0,9);0;65535;
645    LSYM   0      0      00000000 543    signed char:t(0,10)=@s8;r(0,10);-128;127;
646    LSYM   0      0      00000000 585    unsigned char:t(0,11)=@s8;r(0,11);0;255;
647    LSYM   0      0      00000000 626    float:t(0,12)=r(0,1);4;0;
648    LSYM   0      0      00000000 652    double:t(0,13)=r(0,1);8;0;
649    LSYM   0      0      00000000 679    long double:t(0,14)=r(0,1);12;0;
650    LSYM   0      0      00000000 712    _Decimal32:t(0,15)=r(0,1);4;0;
651    LSYM   0      0      00000000 743    _Decimal64:t(0,16)=r(0,1);8;0;
652    LSYM   0      0      00000000 774    _Decimal128:t(0,17)=r(0,1);16;0;
653    LSYM   0      0      00000000 807    void:t(0,18)=(0,18)
654    BINCL  0      0      00001ca6 4597   ./inc/stab.h
655    EXCL   0      0      00005d17 839    ./inc/types.h
656    LSYM   0      0      00000000 4610   Stab:T(1,1)=s12n_strx:(2,9),0,32;n_type:(2,5),32,8;n_other:(2,5),40,8;n_desc:(2,7),48,16;n_value:(2,13),64,32;;
657    EINCL  0      0      00000000 0      
658    EXCL   0      0      000008c7 2585   ./inc/memlayout.h
659    EXCL   0      0      000159c2 827    ./inc/mmu.h
660    EXCL   0      0      00000000 3069   ./inc/assert.h
661    EXCL   0      0      00000000 2763   ./inc/stdio.h
662    EXCL   0      0      00000650 2777   ./inc/stdarg.h
663    EXCL   0      0      00003167 3785   ./kern/kdebug.h
664    FUN    0      51     f0100a40 4722   stab_binsearch:f(0,18)
665    RSYM   0      51     00000006 4745   stabs:P(0,19)=*(0,20)=k(1,1)
666    RSYM   0      51     00000002 4774   region_left:P(0,21)=*(0,1)
667    RSYM   0      51     00000001 4801   region_right:P(0,21)
668    PSYM   0      52     00000008 4822   type:p(0,1)
669    PSYM   0      52     0000000c 4834   addr:p(2,13)
670    BNSYM  0      0      f0100a40 0      
671    SLINE  0      53     00000000 0      
672    SLINE  0      54     00000014 0      
673    SLINE  0      56     00000022 0      
674    SLINE  0      57     00000024 0      
675    SLINE  0      60     00000033 0      
676    SLINE  0      61     00000035 0      
677    SLINE  0      60     00000036 0      
678    SLINE  0      60     0000003d 0      
679    SLINE  0      69     00000049 0      
680    SLINE  0      63     00000057 0      
681    SLINE  0      64     0000005a 0      
682    SLINE  0      70     0000005c 0      
683    SLINE  0      71     00000061 0      
684    SLINE  0      68     00000064 0      
685    SLINE  0      72     0000006d 0      
686    SLINE  0      73     00000072 0      
687    SLINE  0      68     0000007e 0      
688    SLINE  0      78     00000087 0      
689    SLINE  0      80     0000008f 0      
690    SLINE  0      68     00000094 0      
691    SLINE  0      56     0000009b 0      
692    SLINE  0      84     000000a0 0      
693    SLINE  0      85     000000a6 0      
694    SLINE  0      88     000000b3 0      
695    SLINE  0      89     000000b8 0      
696    SLINE  0      88     000000bd 0      
697    SLINE  0      90     000000bf 0      
698    SLINE  0      88     000000c0 0      
699    SLINE  0      89     000000c7 0      
700    SLINE  0      92     000000d0 0      
701    SLINE  0      94     000000d5 0      
702    RSYM   0      52     00000007 4847   type:r(0,1)
703    FUN    0      0      000000dd 0      
704    ENSYM  0      0      f0100b1d 0      
705    FUN    0      105    f0100b1d 4859   debuginfo_eip:F(0,1)
706    PSYM   0      105    00000008 4834   addr:p(2,13)
707    PSYM   0      105    0000000c 4880   info:p(0,22)=*(8,1)
708    BNSYM  0      0      f0100b1d 0      
709    SLINE  0      106    00000000 0      
710    SLINE  0      112    0000000f 0      
711    SLINE  0      113    00000015 0      
712    SLINE  0      114    0000001c 0      
713    SLINE  0      115    00000023 0      
714    SLINE  0      116    0000002a 0      
715    SLINE  0      117    0000002d 0      
716    SLINE  0      120    00000034 0      
717    SLINE  0      131    0000003c 0      
718    SLINE  0      127    0000004e 0      
719    SLINE  0      131    0000006a 0      
720    SLINE  0      140    00000077 0      
721    SLINE  0      141    0000007e 0      
722    SLINE  0      142    00000097 0      
723    SLINE  0      143    000000b2 0      
724    SLINE  0      144    000000cc 0      
725    SLINE  0      149    000000d7 0      
726    SLINE  0      150    000000da 0      
727    SLINE  0      151    000000e0 0      
728    SLINE  0      152    000000fb 0      
729    SLINE  0      154    00000115 0      
730    SLINE  0      157    0000011f 0      
731    SLINE  0      158    00000140 0      
732    SLINE  0      159    00000149 0      
733    SLINE  0      160    00000152 0      
734    SLINE  0      162    00000154 0      
735    SLINE  0      163    00000157 0      
736    SLINE  0      167    0000015c 0      
737    SLINE  0      168    0000015f 0      
738    SLINE  0      169    00000165 0      
739    SLINE  0      172    0000016b 0      
740    SLINE  0      183    00000184 0      
741    SLINE  0      185    0000019e 0      
742    SLINE  0      186    000001b9 0      
743    SLINE  0      187    000001c9 0      
744    SLINE  0      193    000001e0 0      
745    SLINE  0      194    000001ea 0      
746    SLINE  0      196    00000203 0      
747    SLINE  0      193    00000206 0      
748    SLINE  0      194    0000020a 0      
749    SLINE  0      195    00000218 0      
750    SLINE  0      195    0000021d 0      
751    SLINE  0      197    00000223 0      
752    SLINE  0      197    00000227 0      
753    SLINE  0      198    0000023f 0      
754    SLINE  0      203    00000246 0      
755    SLINE  0      209    0000024c 0      
756    SLINE  0      203    00000251 0      
757    SLINE  0      204    00000255 0      
758    SLINE  0      205    0000025c 0      
759    SLINE  0      207    00000272 0      
760    SLINE  0      204    00000276 0      
761    SLINE  0      205    0000027a 0      
762    SLINE  0      132    0000028b 0      
763    SLINE  0      145    00000299 0      
764    SLINE  0      209    000002a0 0      
765    SLINE  0      210    000002ba 0      
766    LSYM   0      109    fffffff4 4900   lfile:(0,1)
767    LSYM   0      109    fffffff0 4912   rfile:(0,1)
768    LSYM   0      109    ffffffec 4924   lfun:(0,1)
769    LSYM   0      109    ffffffe8 4935   rfun:(0,1)
770    LSYM   0      109    ffffffe4 4946   lline:(0,1)
771    LSYM   0      109    ffffffe0 4958   rline:(0,1)
772    RSYM   0      105    00000006 4970   addr:r(2,13)
773    RSYM   0      105    00000003 4983   info:r(0,22)
774    LBRAC  0      0      00000000 0      
775    RBRAC  0      0      000002c2 0      
776    FUN    0      0      000002c2 0      
777    ENSYM  0      0      f0100ddf 0      
778    SO     0      0      f0100ddf 0      
779    SO     0      2      f0100de0 4996   lib/printfmt.c
780    OPT    0      0      00000000 82     gcc2_compiled.
781    LSYM   0      0      00000000 97     int:t(0,1)=r(0,1);-2147483648;2147483647;
782    LSYM   0      0      00000000 139    char:t(0,2)=r(0,2);0;127;
783    LSYM   0      0      00000000 165    long int:t(0,3)=r(0,3);-2147483648;2147483647;
784    LSYM   0      0      00000000 5011   unsigned int:t(0,4)=r(0,4);0;4294967295;
785    LSYM   0      0      00000000 5052   long unsigned int:t(0,5)=r(0,5);0;4294967295;
786    LSYM   0      0      00000000 5098   long long int:t(0,6)=r(0,6);-0;4294967295;
787    LSYM   0      0      00000000 5141   long long unsigned int:t(0,7)=r(0,7);0;-1;
788    LSYM   0      0      00000000 5184   short int:t(0,8)=r(0,8);-32768;32767;
789    LSYM   0      0      00000000 5222   short unsigned int:t(0,9)=r(0,9);0;65535;
790    LSYM   0      0      00000000 5264   signed char:t(0,10)=r(0,10);-128;127;
791    LSYM   0      0      00000000 5302   unsigned char:t(0,11)=r(0,11);0;255;
792    LSYM   0      0      00000000 626    float:t(0,12)=r(0,1);4;0;
793    LSYM   0      0      00000000 652    double:t(0,13)=r(0,1);8;0;
794    LSYM   0      0      00000000 679    long double:t(0,14)=r(0,1);12;0;
795    LSYM   0      0      00000000 712    _Decimal32:t(0,15)=r(0,1);4;0;
796    LSYM   0      0      00000000 743    _Decimal64:t(0,16)=r(0,1);8;0;
797    LSYM   0      0      00000000 774    _Decimal128:t(0,17)=r(0,1);16;0;
798    LSYM   0      0      00000000 807    void:t(0,18)=(0,18)
799    BINCL  0      0      0000607a 839    ./inc/types.h
800    LSYM   0      0      00000000 5339   bool:t(1,1)=(1,2)=eFalse:0,True:1,;
801    LSYM   0      0      00000000 5375    :T(1,3)=efalse:0,true:1,;
802    LSYM   0      0      00000000 5402   int8_t:t(1,4)=(0,10)
803    LSYM   0      0      00000000 5423   uint8_t:t(1,5)=(0,11)
804    LSYM   0      0      00000000 5445   int16_t:t(1,6)=(0,8)
805    LSYM   0      0      00000000 5466   uint16_t:t(1,7)=(0,9)
806    LSYM   0      0      00000000 5488   int32_t:t(1,8)=(0,1)
807    LSYM   0      0      00000000 5509   uint32_t:t(1,9)=(0,4)
808    LSYM   0      0      00000000 5531   int64_t:t(1,10)=(0,6)
809    LSYM   0      0      00000000 5553   uint64_t:t(1,11)=(0,7)
810    LSYM   0      0      00000000 5576   intptr_t:t(1,12)=(1,8)
811    LSYM   0      0      00000000 5599   uintptr_t:t(1,13)=(1,9)
812    LSYM   0      0      00000000 5623   physaddr_t:t(1,14)=(1,9)
813    LSYM   0      0      00000000 5648   ppn_t:t(1,15)=(1,9)
814    LSYM   0      0      00000000 5668   size_t:t(1,16)=(1,9)
815    LSYM   0      0      00000000 5689   ssize_t:t(1,17)=(1,8)
816    LSYM   0      0      00000000 5711   off_t:t(1,18)=(1,8)
817    EINCL  0      0      00000000 0      
818    EXCL   0      0      00000000 2763   ./inc/stdio.h
819    EXCL   0      0      00000650 2777   ./inc/stdarg.h
820    BINCL  0      0      00001a2c 5731   ./inc/error.h
821    LSYM   0      0      00000000 5745    :T(4,1)=eE_UNSPECIFIED:1,E_BAD_ENV:2,E_INVAL:3,E_NO_MEM:4,E_NO_FREE_ENV:5,E_FAULT:6,MAXERROR:7,;
822    EINCL  0      0      00000000 0      
823    LSYM   0      0      00000000 5843   sprintbuf:T(0,19)=s12buf:(3,2),0,32;ebuf:(3,2),32,32;cnt:(0,1),64,32;;
824    FUN    0      0      f0100de0 5914   printnum:f(0,18)
825    RSYM   0      0      00000000 5931   putch:P(0,20)=*(0,21)=f(0,18)
826    RSYM   0      0      00000007 5961   putdat:P(0,22)=*(0,18)
827    PSYM   0      0      00000008 5984   num:p(0,7)
828    PSYM   0      0      00000010 5995   base:p(0,4)
829    PSYM   0      0      00000014 6007   width:p(0,1)
830    PSYM   0      0      00000018 6020   padc:p(0,1)
831    SLINE  0      38     00000000 0      
832    SLINE  0      40     0000001d 0      
833    SLINE  0      44     00000031 0      
834    SLINE  0      41     00000040 0      
835    SLINE  0      45     0000009e 0      
836    SLINE  0      44     000000aa 0      
837    SLINE  0      49     000000b2 0      
838    SLINE  0      50     000000ed 0      
839    RSYM   0      0      00000000 6032   base:r(0,4)
840    FUN    0      0      f0100ed5 6044   getuint:f(0,7)
841    RSYM   0      0      00000000 6059   ap:P(0,23)=*(3,1)
842    RSYM   0      0      00000002 6077   lflag:P(0,1)
843    SLINE  0      56     00000000 0      
844    SLINE  0      57     00000003 0      
845    SLINE  0      58     00000008 0      
846    SLINE  0      59     00000016 0      
847    SLINE  0      60     0000001a 0      
848    SLINE  0      62     0000002a 0      
849    SLINE  0      63     00000038 0      
850    FUN    0      0      f0100f0f 6090   sprintputch:f(0,18)
851    PSYM   0      0      00000008 4421   ch:p(0,1)
852    PSYM   0      0      0000000c 6110   b:p(0,24)=*(0,19)
853    SLINE  0      263    00000000 0      
854    SLINE  0      264    00000006 0      
855    SLINE  0      265    0000000a 0      
856    SLINE  0      266    00000011 0      
857    SLINE  0      267    0000001b 0      
858    RSYM   0      0      00000000 4450   ch:r(0,1)
859    RSYM   0      0      00000000 6128   b:r(0,24)
860    FUN    0      0      f0100f2c 6138   printfmt:F(0,18)
861    PSYM   0      0      00000008 6155   putch:p(0,20)
862    PSYM   0      0      0000000c 6169   putdat:p(0,22)
863    PSYM   0      0      00000010 6184   fmt:p(0,25)=*(0,2)
864    SLINE  0      247    00000000 0      
865    SLINE  0      250    00000006 0      
866    SLINE  0      251    00000009 0      
867    SLINE  0      253    00000026 0      
868    RSYM   0      0      00000000 6203   putch:r(0,20)
869    RSYM   0      0      00000000 6217   putdat:r(0,22)
870    RSYM   0      0      00000000 6232   fmt:r(0,25)
871    FUN    0      0      f0100f54 6244   vprintfmt:F(0,18)
872    PSYM   0      0      00000008 6155   putch:p(0,20)
873    PSYM   0      0      0000000c 6169   putdat:p(0,22)
874    PSYM   0      0      00000010 6262   fmt:p(0,25)
875    PSYM   0      0      00000014 4503   ap:p(3,1)
876    SLINE  0      84     00000000 0      
877    SLINE  0      93     00000011 0      
878    SLINE  0      95     00000019 0      
879    SLINE  0      92     00000023 0      
880    SLINE  0      238    00000027 0      
881    SLINE  0      92     00000029 0      
882    SLINE  0      92     00000034 0      
883    SLINE  0      105    00000054 0      
884    SLINE  0      109    00000056 0      
885    SLINE  0      105    0000005c 0      
886    SLINE  0      114    0000005e 0      
887    SLINE  0      150    00000064 0      
888    SLINE  0      105    00000071 0      
889    SLINE  0      128    0000008f 0      
890    SLINE  0      129    00000095 0      
891    SLINE  0      130    00000099 0      
892    SLINE  0      105    000000a1 0      
893    SLINE  0      127    000000a6 0      
894    SLINE  0      128    000000a9 0      
895    SLINE  0      129    000000b0 0      
896    SLINE  0      130    000000b3 0      
897    SLINE  0      136    000000c0 0      
898    SLINE  0      105    000000ce 0      
899    SLINE  0      137    000000d0 0      
900    SLINE  0      105    000000e2 0      
901    SLINE  0      145    000000e8 0      
902    SLINE  0      146    000000ef 0      
903    SLINE  0      105    000000f1 0      
904    SLINE  0      149    000000f3 0      
905    SLINE  0      155    00000102 0      
906    SLINE  0      105    00000105 0      
907    SLINE  0      156    00000107 0      
908    SLINE  0      160    0000010c 0      
909    SLINE  0      161    00000121 0      
910    SLINE  0      165    00000126 0      
911    SLINE  0      168    00000136 0      
912    SLINE  0      168    0000013b 0      
913    SLINE  0      169    00000146 0      
914    SLINE  0      171    00000166 0      
915    SLINE  0      105    00000186 0      
916    SLINE  0      176    0000018c 0      
917    SLINE  0      177    00000197 0      
918    SLINE  0      178    000001a4 0      
919    SLINE  0      181    000001ae 0      
920    SLINE  0      179    000001c7 0      
921    SLINE  0      180    000001e1 0      
922    SLINE  0      180    000001ea 0      
923    SLINE  0      179    000001f4 0      
924    SLINE  0      182    00000201 0      
925    SLINE  0      182    00000207 0      
926    SLINE  0      183    00000212 0      
927    SLINE  0      185    00000225 0      
928    SLINE  0      181    00000232 0      
929    SLINE  0      186    0000024c 0      
930    SLINE  0      181    00000263 0      
931    SLINE  0      181    00000267 0      
932    SLINE  0      187    00000280 0      
933    SLINE  0      186    0000028d 0      
934    SLINE  0      70     0000029a 0      
935    SLINE  0      71     0000029f 0      
936    SLINE  0      72     000002b5 0      
937    SLINE  0      73     000002b9 0      
938    SLINE  0      75     000002d1 0      
939    SLINE  0      192    000002e7 0      
940    SLINE  0      197    000002ed 0      
941    SLINE  0      193    000002f2 0      
942    SLINE  0      194    000002fc 0      
943    SLINE  0      195    0000030a 0      
944    SLINE  0      197    00000317 0      
945    SLINE  0      202    0000031e 0      
946    SLINE  0      203    00000326 0      
947    SLINE  0      204    0000032b 0      
948    SLINE  0      209    0000032d 0      
949    SLINE  0      210    00000335 0      
950    SLINE  0      211    0000033a 0      
951    SLINE  0      215    0000033c 0      
952    SLINE  0      216    0000034a 0      
953    SLINE  0      218    00000358 0      
954    SLINE  0      217    00000361 0      
955    SLINE  0      219    00000368 0      
956    SLINE  0      220    0000036d 0      
957    SLINE  0      224    0000036f 0      
958    SLINE  0      225    00000377 0      
959    SLINE  0      227    0000037c 0      
960    SLINE  0      228    000003a0 0      
961    SLINE  0      232    000003a5 0      
962    SLINE  0      233    000003af 0      
963    SLINE  0      237    000003b4 0      
964    SLINE  0      238    000003c2 0      
965    SLINE  0      238    000003ce 0      
966    SLINE  0      243    000003dc 0      
967    RSYM   0      0      00000000 6274   num:r(0,7)
968    RSYM   0      0      00000001 6285   base:r(0,1)
969    RSYM   0      0      00000002 6297   lflag:r(0,1)
970    RSYM   0      0      00000007 6217   putdat:r(0,22)
971    RSYM   0      0      00000003 6232   fmt:r(0,25)
972    LBRAC  0      0      00000000 0      
973    RBRAC  0      0      000003e4 0      
974    FUN    0      0      f0101338 6310   vsnprintf:F(0,1)
975    PSYM   0      0      00000008 6327   buf:p(3,2)
976    PSYM   0      0      0000000c 6338   n:p(0,1)
977    PSYM   0      0      00000010 6262   fmt:p(0,25)
978    PSYM   0      0      00000014 4503   ap:p(3,1)
979    SLINE  0      271    00000000 0      
980    SLINE  0      272    0000000c 0      
981    SLINE  0      274    0000001d 0      
982    SLINE  0      278    00000025 0      
983    SLINE  0      281    00000046 0      
984    SLINE  0      283    0000004c 0      
985    SLINE  0      275    00000051 0      
986    SLINE  0      284    00000056 0      
987    LSYM   0      0      ffffffec 6347   b:(0,19)
988    RSYM   0      0      00000000 6356   buf:r(3,2)
989    RSYM   0      0      00000002 6367   n:r(0,1)
990    RSYM   0      0      00000000 6232   fmt:r(0,25)
991    RSYM   0      0      00000000 4535   ap:r(3,1)
992    LBRAC  0      0      00000000 0      
993    RBRAC  0      0      00000058 0      
994    FUN    0      0      f0101390 6376   snprintf:F(0,1)
995    PSYM   0      0      00000008 6327   buf:p(3,2)
996    PSYM   0      0      0000000c 6338   n:p(0,1)
997    PSYM   0      0      00000010 6262   fmt:p(0,25)
998    SLINE  0      288    00000000 0      
999    SLINE  0      292    00000006 0      
1000   SLINE  0      293    00000009 0      
1001   SLINE  0      297    00000026 0      
1002   RSYM   0      0      00000000 6392   rc:r(0,1)
1003   RSYM   0      0      00000000 6356   buf:r(3,2)
1004   RSYM   0      0      00000000 6367   n:r(0,1)
1005   RSYM   0      0      00000000 6232   fmt:r(0,25)
1006   LBRAC  0      0      00000000 0      
1007   RBRAC  0      0      00000028 0      
1008   STSYM  0      0      f010232c 6402   error_string:S(0,26)=ar(0,27)=r(0,27);0;4294967295;;0;6;(0,25)
1009   SO     0      0      f01013b8 0      
1010   SO     0      2      f01013c0 6465   lib/readline.c
1011   OPT    0      0      00000000 82     gcc2_compiled.
1012   LSYM   0      0      00000000 97     int:t(0,1)=r(0,1);-2147483648;2147483647;
1013   LSYM   0      0      00000000 139    char:t(0,2)=r(0,2);0;127;
1014   LSYM   0      0      00000000 165    long int:t(0,3)=r(0,3);-2147483648;2147483647;
1015   LSYM   0      0      00000000 5011   unsigned int:t(0,4)=r(0,4);0;4294967295;
1016   LSYM   0      0      00000000 5052   long unsigned int:t(0,5)=r(0,5);0;4294967295;
1017   LSYM   0      0      00000000 5098   long long int:t(0,6)=r(0,6);-0;4294967295;
1018   LSYM   0      0      00000000 5141   long long unsigned int:t(0,7)=r(0,7);0;-1;
1019   LSYM   0      0      00000000 5184   short int:t(0,8)=r(0,8);-32768;32767;
1020   LSYM   0      0      00000000 5222   short unsigned int:t(0,9)=r(0,9);0;65535;
1021   LSYM   0      0      00000000 5264   signed char:t(0,10)=r(0,10);-128;127;
1022   LSYM   0      0      00000000 5302   unsigned char:t(0,11)=r(0,11);0;255;
1023   LSYM   0      0      00000000 626    float:t(0,12)=r(0,1);4;0;
1024   LSYM   0      0      00000000 652    double:t(0,13)=r(0,1);8;0;
1025   LSYM   0      0      00000000 679    long double:t(0,14)=r(0,1);12;0;
1026   LSYM   0      0      00000000 712    _Decimal32:t(0,15)=r(0,1);4;0;
1027   LSYM   0      0      00000000 743    _Decimal64:t(0,16)=r(0,1);8;0;
1028   LSYM   0      0      00000000 774    _Decimal128:t(0,17)=r(0,1);16;0;
1029   LSYM   0      0      00000000 807    void:t(0,18)=(0,18)
1030   EXCL   0      0      00000000 2763   ./inc/stdio.h
1031   EXCL   0      0      00000650 2777   ./inc/stdarg.h
1032   EXCL   0      0      00001a2c 5731   ./inc/error.h
1033   FUN    0      0      f01013c0 6480   readline:F(2,2)
1034   PSYM   0      0      00000008 6496   prompt:p(0,19)=*(0,2)
1035   SLINE  0      9      00000000 0      
1036   SLINE  0      12     0000000c 0      
1037   SLINE  0      13     00000010 0      
1038   SLINE  0      16     00000020 0      
1039   SLINE  0      15     0000002e 0      
1040   SLINE  0      18     00000033 0      
1041   SLINE  0      19     0000003a 0      
1042   SLINE  0      20     0000003e 0      
1043   SLINE  0      21     0000004e 0      
1044   SLINE  0      22     00000055 0      
1045   SLINE  0      22     0000005f 0      
1046   SLINE  0      23     00000063 0      
1047   SLINE  0      24     00000067 0      
1048   SLINE  0      25     00000073 0      
1049   SLINE  0      26     00000078 0      
1050   SLINE  0      27     00000085 0      
1051   SLINE  0      28     00000089 0      
1052   SLINE  0      29     00000091 0      
1053   SLINE  0      30     0000009c 0      
1054   SLINE  0      31     000000a6 0      
1055   SLINE  0      32     000000aa 0      
1056   SLINE  0      33     000000b6 0      
1057   SLINE  0      34     000000bd 0      
1058   SLINE  0      37     000000c2 0      
1059   RSYM   0      0      00000003 3154   c:r(0,1)
1060   RSYM   0      0      00000007 6518   echoing:r(0,1)
1061   RSYM   0      0      00000000 6533   prompt:r(0,19)
1062   LBRAC  0      0      00000000 0      
1063   RBRAC  0      0      000000ca 0      
1064   LCSYM  0      0      f0112540 6548   buf:S(0,20)=ar(0,21)=r(0,21);0;4294967295;;0;1023;(0,2)
1065   SO     0      0      f010148a 0      
1066   SO     0      2      f0101490 6604   lib/string.c
1067   OPT    0      0      00000000 82     gcc2_compiled.
1068   LSYM   0      0      00000000 97     int:t(0,1)=r(0,1);-2147483648;2147483647;
1069   LSYM   0      0      00000000 139    char:t(0,2)=r(0,2);0;127;
1070   LSYM   0      0      00000000 165    long int:t(0,3)=r(0,3);-2147483648;2147483647;
1071   LSYM   0      0      00000000 5011   unsigned int:t(0,4)=r(0,4);0;4294967295;
1072   LSYM   0      0      00000000 5052   long unsigned int:t(0,5)=r(0,5);0;4294967295;
1073   LSYM   0      0      00000000 5098   long long int:t(0,6)=r(0,6);-0;4294967295;
1074   LSYM   0      0      00000000 5141   long long unsigned int:t(0,7)=r(0,7);0;-1;
1075   LSYM   0      0      00000000 5184   short int:t(0,8)=r(0,8);-32768;32767;
1076   LSYM   0      0      00000000 5222   short unsigned int:t(0,9)=r(0,9);0;65535;
1077   LSYM   0      0      00000000 5264   signed char:t(0,10)=r(0,10);-128;127;
1078   LSYM   0      0      00000000 5302   unsigned char:t(0,11)=r(0,11);0;255;
1079   LSYM   0      0      00000000 626    float:t(0,12)=r(0,1);4;0;
1080   LSYM   0      0      00000000 652    double:t(0,13)=r(0,1);8;0;
1081   LSYM   0      0      00000000 679    long double:t(0,14)=r(0,1);12;0;
1082   LSYM   0      0      00000000 712    _Decimal32:t(0,15)=r(0,1);4;0;
1083   LSYM   0      0      00000000 743    _Decimal64:t(0,16)=r(0,1);8;0;
1084   LSYM   0      0      00000000 774    _Decimal128:t(0,17)=r(0,1);16;0;
1085   LSYM   0      0      00000000 807    void:t(0,18)=(0,18)
1086   EXCL   0      0      00000000 2820   ./inc/string.h
1087   EXCL   0      0      0000607a 839    ./inc/types.h
1088   FUN    0      0      f0101490 6617   strlen:F(0,1)
1089   PSYM   0      0      00000008 6631   s:p(0,19)=*(0,2)
1090   SLINE  0      13     00000000 0      
1091   SLINE  0      16     00000006 0      
1092   SLINE  0      17     00000010 0      
1093   SLINE  0      16     00000013 0      
1094   SLINE  0      16     0000001b 0      
1095   SLINE  0      19     00000020 0      
1096   RSYM   0      0      00000000 6367   n:r(0,1)
1097   RSYM   0      0      00000002 6648   s:r(0,19)
1098   LBRAC  0      0      00000000 0      
1099   RBRAC  0      0      00000022 0      
1100   FUN    0      0      f01014b2 6658   strnlen:F(0,1)
1101   PSYM   0      0      00000008 6673   s:p(0,19)
1102   PSYM   0      0      0000000c 6683   size:p(2,16)
1103   SLINE  0      23     00000000 0      
1104   SLINE  0      26     0000000a 0      
1105   SLINE  0      27     00000018 0      
1106   SLINE  0      26     0000001a 0      
1107   SLINE  0      26     00000021 0      
1108   SLINE  0      26     0000002a 0      
1109   SLINE  0      29     00000036 0      
1110   RSYM   0      0      00000000 6367   n:r(0,1)
1111   RSYM   0      0      00000003 6648   s:r(0,19)
1112   RSYM   0      0      00000001 6696   size:r(2,16)
1113   LBRAC  0      0      00000000 0      
1114   RBRAC  0      0      00000039 0      
1115   FUN    0      0      f01014eb 6709   strcpy:F(0,20)=*(0,2)
1116   PSYM   0      0      00000008 6731   dst:p(0,20)
1117   PSYM   0      0      0000000c 6743   src:p(0,19)
1118   SLINE  0      33     00000000 0      
1119   SLINE  0      37     0000000a 0      
1120   SLINE  0      37     0000000c 0      
1121   SLINE  0      40     0000001d 0      
1122   RSYM   0      0      00000000 6755   dst:r(0,20)
1123   RSYM   0      0      00000001 6767   src:r(0,19)
1124   FUN    0      0      f010150b 6779   strcat:F(0,20)
1125   PSYM   0      0      00000008 6731   dst:p(0,20)
1126   PSYM   0      0      0000000c 6743   src:p(0,19)
1127   SLINE  0      44     00000000 0      
1128   SLINE  0      45     0000000a 0      
1129   SLINE  0      46     00000012 0      
1130   SLINE  0      48     00000023 0      
1131   RSYM   0      0      00000000 6794   len:r(0,1)
1132   RSYM   0      0      00000003 6755   dst:r(0,20)
1133   RSYM   0      0      00000002 6767   src:r(0,19)
1134   LBRAC  0      0      00000000 0      
1135   RBRAC  0      0      0000002b 0      
1136   FUN    0      0      f0101536 6805   strncpy:F(0,20)
1137   PSYM   0      0      00000008 6731   dst:p(0,20)
1138   PSYM   0      0      0000000c 6743   src:p(0,19)
1139   PSYM   0      0      00000010 6683   size:p(2,16)
1140   SLINE  0      51     00000000 0      
1141   SLINE  0      56     0000000e 0      
1142   SLINE  0      57     00000016 0      
1143   SLINE  0      60     0000001f 0      
1144   SLINE  0      56     00000025 0      
1145   SLINE  0      63     00000029 0      
1146   RSYM   0      0      00000006 6755   dst:r(0,20)
1147   RSYM   0      0      00000002 6767   src:r(0,19)
1148   RSYM   0      0      00000003 6696   size:r(2,16)
1149   FUN    0      0      f0101565 6821   strlcpy:F(2,16)
1150   PSYM   0      0      00000008 6731   dst:p(0,20)
1151   PSYM   0      0      0000000c 6743   src:p(0,19)
1152   PSYM   0      0      00000010 6683   size:p(2,16)
1153   SLINE  0      67     00000000 0      
1154   SLINE  0      71     00000011 0      
1155   SLINE  0      72     00000015 0      
1156   SLINE  0      72     0000001a 0      
1157   SLINE  0      73     00000029 0      
1158   SLINE  0      72     0000002f 0      
1159   SLINE  0      72     00000036 0      
1160   SLINE  0      72     00000040 0      
1161   SLINE  0      74     00000046 0      
1162   SLINE  0      76     00000049 0      
1163   SLINE  0      77     0000004b 0      
1164   RSYM   0      0      00000007 6755   dst:r(0,20)
1165   RSYM   0      0      00000003 6767   src:r(0,19)
1166   RSYM   0      0      00000006 6696   size:r(2,16)
1167   FUN    0      0      f01015b5 6837   strcmp:F(0,1)
1168   PSYM   0      0      00000008 6851   p:p(0,19)
1169   PSYM   0      0      0000000c 6861   q:p(0,19)
1170   SLINE  0      81     00000000 0      
1171   SLINE  0      82     00000009 0      
1172   SLINE  0      83     00000014 0      
1173   SLINE  0      82     0000001a 0      
1174   SLINE  0      82     00000021 0      
1175   SLINE  0      84     00000025 0      
1176   SLINE  0      85     0000002d 0      
1177   RSYM   0      0      00000001 6871   p:r(0,19)
1178   RSYM   0      0      00000002 6881   q:r(0,19)
1179   FUN    0      0      f01015e4 6891   strncmp:F(0,1)
1180   PSYM   0      0      00000008 6851   p:p(0,19)
1181   PSYM   0      0      0000000c 6861   q:p(0,19)
1182   PSYM   0      0      00000010 6906   n:p(2,16)
1183   SLINE  0      89     00000000 0      
1184   SLINE  0      90     0000000e 0      
1185   SLINE  0      91     00000022 0      
1186   SLINE  0      90     00000027 0      
1187   SLINE  0      90     0000002b 0      
1188   SLINE  0      90     00000035 0      
1189   SLINE  0      93     0000003b 0      
1190   SLINE  0      95     00000049 0      
1191   SLINE  0      96     00000051 0      
1192   RSYM   0      0      00000003 6871   p:r(0,19)
1193   RSYM   0      0      00000002 6881   q:r(0,19)
1194   RSYM   0      0      00000006 6916   n:r(2,16)
1195   FUN    0      0      f0101639 6926   strchr:F(0,20)
1196   PSYM   0      0      00000008 6673   s:p(0,19)
1197   PSYM   0      0      0000000c 3371   c:p(0,1)
1198   SLINE  0      102    00000000 0      
1199   SLINE  0      103    0000000a 0      
1200   SLINE  0      104    00000013 0      
1201   SLINE  0      103    0000001d 0      
1202   SLINE  0      106    00000027 0      
1203   SLINE  0      107    00000033 0      
1204   RSYM   0      0      00000000 6648   s:r(0,19)
1205   RSYM   0      0      00000001 6941   c:r(0,2)
1206   FUN    0      0      f010166f 6950   strfind:F(0,20)
1207   PSYM   0      0      00000008 6673   s:p(0,19)
1208   PSYM   0      0      0000000c 3371   c:p(0,1)
1209   SLINE  0      113    00000000 0      
1210   SLINE  0      114    0000000a 0      
1211   SLINE  0      115    00000013 0      
1212   SLINE  0      114    0000001d 0      
1213   SLINE  0      118    00000027 0      
1214   RSYM   0      0      00000000 6648   s:r(0,19)
1215   RSYM   0      0      00000001 6941   c:r(0,2)
1216   FUN    0      0      f0101699 6966   memset:F(0,21)=*(0,18)
1217   PSYM   0      0      00000008 6989   v:p(0,21)
1218   PSYM   0      0      0000000c 3371   c:p(0,1)
1219   PSYM   0      0      00000010 6906   n:p(2,16)
1220   SLINE  0      123    00000000 0      
1221   SLINE  0      126    0000000c 0      
1222   SLINE  0      128    00000010 0      
1223   SLINE  0      128    00000018 0      
1224   SLINE  0      129    0000001d 0      
1225   SLINE  0      130    00000021 0      
1226   SLINE  0      132    00000038 0      
1227   SLINE  0      131    0000003b 0      
1228   SLINE  0      135    00000040 0      
1229   SLINE  0      139    00000046 0      
1230   RSYM   0      0      00000007 6999   v:r(0,21)
1231   RSYM   0      0      00000001 6916   n:r(2,16)
1232   FUN    0      0      f01016e6 7009   memmove:F(0,21)
1233   PSYM   0      0      00000008 7025   dst:p(0,21)
1234   PSYM   0      0      0000000c 7037   src:p(0,22)=*(0,18)
1235   PSYM   0      0      00000010 6906   n:p(2,16)
1236   SLINE  0      143    00000000 0      
1237   SLINE  0      149    0000000e 0      
1238   SLINE  0      149    00000012 0      
1239   SLINE  0      151    00000019 0      
1240   SLINE  0      152    00000020 0      
1241   SLINE  0      152    00000028 0      
1242   SLINE  0      154    0000002d 0      
1243   SLINE  0      153    00000036 0      
1244   SLINE  0      157    0000003b 0      
1245   SLINE  0      156    00000041 0      
1246   SLINE  0      159    00000044 0      
1247   SLINE  0      161    0000004b 0      
1248   SLINE  0      161    00000050 0      
1249   SLINE  0      163    00000055 0      
1250   SLINE  0      162    00000058 0      
1251   SLINE  0      165    0000005f 0      
1252   SLINE  0      169    00000064 0      
1253   RSYM   0      0      00000007 7057   d:r(0,20)
1254   RSYM   0      0      00000000 7067   dst:r(0,21)
1255   RSYM   0      0      00000006 7079   src:r(0,22)
1256   RSYM   0      0      00000001 6916   n:r(2,16)
1257   LBRAC  0      0      00000000 0      
1258   RBRAC  0      0      00000068 0      
1259   FUN    0      0      f010174e 7091   memcpy:F(0,21)
1260   PSYM   0      0      00000008 7025   dst:p(0,21)
1261   PSYM   0      0      0000000c 7106   src:p(0,22)
1262   PSYM   0      0      00000010 6906   n:p(2,16)
1263   SLINE  0      210    00000000 0      
1264   SLINE  0      211    00000006 0      
1265   SLINE  0      212    0000001f 0      
1266   RSYM   0      0      00000000 7067   dst:r(0,21)
1267   RSYM   0      0      00000000 7079   src:r(0,22)
1268   RSYM   0      0      00000000 6916   n:r(2,16)
1269   FUN    0      0      f010176f 7118   memcmp:F(0,1)
1270   PSYM   0      0      00000008 7132   v1:p(0,22)
1271   PSYM   0      0      0000000c 7143   v2:p(0,22)
1272   PSYM   0      0      00000010 6906   n:p(2,16)
1273   SLINE  0      216    00000000 0      
1274   SLINE  0      220    0000000f 0      
1275   SLINE  0      221    00000016 0      
1276   SLINE  0      222    00000037 0      
1277   SLINE  0      220    00000041 0      
1278   SLINE  0      226    00000045 0      
1279   SLINE  0      227    00000051 0      
1280   RSYM   0      0      00000003 7154   v1:r(0,22)
1281   RSYM   0      0      00000006 7165   v2:r(0,22)
1282   RSYM   0      0      00000000 6916   n:r(2,16)
1283   FUN    0      0      f01017c5 7176   memfind:F(0,21)
1284   PSYM   0      0      00000008 7192   s:p(0,22)
1285   PSYM   0      0      0000000c 3371   c:p(0,1)
1286   PSYM   0      0      00000010 6906   n:p(2,16)
1287   SLINE  0      231    00000000 0      
1288   SLINE  0      232    0000000a 0      
1289   SLINE  0      233    0000000f 0      
1290   SLINE  0      234    00000013 0      
1291   SLINE  0      233    0000001f 0      
1292   SLINE  0      237    00000026 0      
1293   RSYM   0      0      00000002 7202   ends:r(0,22)
1294   RSYM   0      0      00000000 7215   s:r(0,22)
1295   RSYM   0      0      00000003 3154   c:r(0,1)
1296   LBRAC  0      0      00000000 0      
1297   RBRAC  0      0      00000029 0      
1298   FUN    0      0      f01017ee 7225   strtol:F(0,3)
1299   PSYM   0      0      00000008 6673   s:p(0,19)
1300   PSYM   0      0      0000000c 7239   endptr:p(0,23)=*(0,20)
1301   PSYM   0      0      00000010 7262   base:p(0,1)
1302   SLINE  0      241    00000000 0      
1303   SLINE  0      246    0000000c 0      
1304   SLINE  0      247    00000019 0      
1305   SLINE  0      246    0000001c 0      
1306   SLINE  0      250    00000029 0      
1307   SLINE  0      251    0000002e 0      
1308   SLINE  0      242    00000031 0      
1309   SLINE  0      252    0000003d 0      
1310   SLINE  0      253    00000042 0      
1311   SLINE  0      256    00000049 0      
1312   SLINE  0      256    00000050 0      
1313   SLINE  0      257    0000005b 0      
1314   SLINE  0      258    00000065 0      
1315   SLINE  0      261    00000069 0      
1316   SLINE  0      258    0000006b 0      
1317   SLINE  0      259    00000070 0      
1318   SLINE  0      261    00000075 0      
1319   SLINE  0      267    0000007d 0      
1320   SLINE  0      268    00000089 0      
1321   SLINE  0      269    00000091 0      
1322   SLINE  0      270    0000009a 0      
1323   SLINE  0      271    000000a2 0      
1324   SLINE  0      272    000000ab 0      
1325   SLINE  0      275    000000b1 0      
1326   SLINE  0      277    000000b6 0      
1327   SLINE  0      279    000000bf 0      
1328   SLINE  0      281    000000c7 0      
1329   SLINE  0      282    000000cd 0      
1330   SLINE  0      283    000000d2 0      
1331   SLINE  0      284    000000d9 0      
1332   RSYM   0      0      00000007 7274   neg:r(0,1)
1333   RSYM   0      0      00000002 6648   s:r(0,19)
1334   RSYM   0      0      00000000 6285   base:r(0,1)
1335   LBRAC  0      0      00000000 0      
1336   RSYM   0      0      00000001 7285   dig:r(0,1)
1337   LBRAC  0      0      0000007d 0      
1338   RBRAC  0      0      000000bf 0      
1339   RBRAC  0      0      000000de 0      
1340   SO     0      0      f01018cc 0      
1341   HdrSym 0      0      00000000 0     

